403.291000 1.000000e+00 0.000000e+00 0.000000e+00
403.294000 9.109724e-01 -1.601206e-02 -1.327918e-04
403.296000 8.910018e-01 -3.417830e-02 -1.138529e-03
403.299000 9.244664e-01 6.181975e-04 9.601938e-04
403.301000 9.135167e-01 -1.197521e-02 5.374104e-04
403.304000 9.525734e-01 1.033840e-02 -4.607452e-03
403.306000 9.309906e-01 1.681082e-02 -2.722021e-03
403.309000 9.662756e-01 -3.900837e-03 3.800842e-03
403.312000 9.942582e-01 5.220013e-03 -4.172593e-05
403.314000 9.689716e-01 -5.077261e-03 2.432576e-04
403.316000 9.445526e-01 -1.429328e-02 -5.034194e-04
403.319000 9.641610e-01 -2.660600e-03 -1.302826e-03
403.321000 9.530011e-01 3.682353e-04 -6.033098e-05
403.324000 9.442979e-01 -4.462068e-03 -1.546184e-03
403.326000 9.595418e-01 1.039387e-02 -1.614382e-03
403.329000 9.238068e-01 -3.303366e-03 -2.842526e-03
403.332000 9.612693e-01 -1.573135e-02 4.820341e-04
403.334000 9.406453e-01 9.554475e-03 1.149625e-03
403.336000 9.507620e-01 -2.401361e-03 -6.001045e-04
403.339000 9.565865e-01 1.380324e-02 -1.277714e-03
403.341000 9.436734e-01 1.358341e-02 -6.828523e-05
403.344000 9.768438e-01 9.769070e-04 1.528049e-03
403.346000 9.718637e-01 -7.436392e-03 9.141810e-05
403.349000 9.872386e-01 -5.308514e-03 2.507066e-03
403.351000 9.520259e-01 -1.222691e-02 1.122510e-03
403.354000 9.369908e-01 -7.273365e-03 -1.117857e-03
403.356000 9.361390e-01 -2.761825e-03 -2.834496e-03
403.359000 9.708087e-01 -2.426010e-02 -1.664635e-04
403.361000 9.623678e-01 2.847431e-03 1.148934e-03
403.364000 9.359093e-01 -1.498722e-02 -2.735410e-03
403.366000 9.719471e-01 2.627923e-02 -7.295492e-04
403.369000 8.894124e-01 -1.826686e-02 -1.507090e-03
403.371000 9.607920e-01 -6.631911e-03 -5.307447e-04
403.374000 8.903279e-01 -2.243313e-03 1.854569e-03
403.376000 9.169427e-01 6.128420e-03 3.979350e-04
403.379000 9.526715e-01 1.121466e-02 1.636334e-03
403.381000 9.140723e-01 1.205362e-02 -3.795052e-03
403.384000 9.454837e-01 -6.957125e-04 -2.928719e-03
403.386000 9.136527e-01 -2.283264e-03 1.313021e-03
403.389000 9.361927e-01 1.580749e-02 4.261676e-04
403.391000 9.287345e-01 1.211116e-02 -1.193101e-03
403.394000 9.481959e-01 -6.967260e-03 -1.713499e-03
403.396000 9.260464e-01 -6.043815e-03 -2.407436e-03
403.399000 9.603988e-01 1.356338e-03 6.292444e-04
403.401000 9.602514e-01 -2.466381e-03 -1.509302e-03
403.404000 9.160682e-01 -1.998917e-02 -2.638868e-04
403.406000 9.026783e-01 -2.568717e-02 -7.502453e-04
403.409000 9.136683e-01 7.380720e-03 -1.430014e-03
403.411000 9.009615e-01 -6.988856e-03 4.856534e-04
403.414000 8.761600e-01 2.198321e-03 1.417491e-03
403.416000 8.522049e-01 1.443677e-04 -5.777895e-04
403.419000 8.496340e-01 -9.944818e-03 -1.232326e-03
403.421000 8.449992e-01 -4.113388e-04 -1.390515e-03
403.424000 8.417361e-01 -1.421111e-02 -4.075244e-04
403.426000 8.235465e-01 -7.458950e-03 -1.793046e-03
403.429000 8.241229e-01 -5.576916e-03 -3.524802e-03
403.431000 8.313530e-01 -6.369784e-03 -1.788206e-03
403.434000 8.748450e-01 -1.993140e-02 -6.245833e-04
403.436000 8.819601e-01 -1.347430e-02 -1.651058e-03
403.438000 9.265637e-01 8.219440e-03 1.743668e-03
403.441000 8.731596e-01 -1.887655e-03 5.683584e-04
403.443000 8.977295e-01 -1.644990e-02 -2.292998e-04
403.446000 8.911774e-01 1.113359e-03 3.072936e-04
403.449000 8.932435e-01 3.241192e-04 -1.155275e-03
403.451000 8.999493e-01 -1.232406e-02 6.005487e-04
403.454000 8.799272e-01 -6.399493e-03 -3.524873e-04
403.456000 8.864847e-01 5.055604e-03 -4.971972e-04
403.459000 9.024426e-01 -3.267274e-03 -1.628969e-03
403.461000 8.976697e-01 4.632812e-03 9.071512e-04
403.463000 8.910421e-01 4.511026e-03 2.148726e-03
403.466000 9.050939e-01 -8.085533e-03 3.366609e-04
403.468000 9.076504e-01 -3.260632e-03 -7.960315e-04
403.471000 9.058896e-01 1.385300e-02 -2.900450e-04
403.473000 9.119343e-01 -5.687886e-03 -7.793795e-05
403.476000 9.207437e-01 -9.298141e-03 -3.794505e-03
403.478000 9.444608e-01 -4.193963e-03 -3.031126e-03
403.481000 9.268305e-01 -1.291648e-02 -2.592944e-04
403.483000 9.304233e-01 -1.634896e-02 -1.710017e-03
403.486000 9.158055e-01 -1.222406e-02 -5.060280e-04
403.488000 9.276363e-01 -6.706061e-03 1.200619e-04
403.491000 9.486139e-01 9.927209e-03 2.023000e-03
403.493000 9.192819e-01 2.181391e-03 2.038478e-04
403.496000 9.270342e-01 -8.674290e-04 -1.151888e-03
403.498000 9.221733e-01 -1.891017e-03 1.143264e-03
403.501000 9.151459e-01 -3.377534e-03 1.709440e-03
403.503000 8.987472e-01 -3.849689e-03 1.120513e-03
403.506000 9.066056e-01 9.307957e-04 -2.331678e-03
403.508000 9.297637e-01 -1.069096e-02 -3.364014e-03
403.511000 8.947013e-01 -4.010546e-03 -2.313226e-03
403.513000 8.705042e-01 -1.614742e-02 -4.030708e-03
403.516000 8.564800e-01 2.675258e-03 2.520307e-03
403.518000 8.289312e-01 -1.215088e-02 1.465225e-04
403.521000 7.759184e-01 6.108838e-03 -2.150801e-03
403.523000 7.598742e-01 2.387113e-04 2.052447e-03
403.526000 7.248314e-01 -1.161104e-02 -6.608966e-04
403.528000 6.876833e-01 1.146978e-02 -1.845605e-03
403.531000 6.520876e-01 -2.095024e-02 1.624873e-04
403.533000 6.447929e-01 1.913662e-02 -1.287972e-03
403.536000 6.011055e-01 1.149478e-03 2.832748e-03
403.538000 7.054365e-01 2.832365e-03 -8.455106e-04
403.541000 6.258629e-01 -4.505635e-04 1.981856e-03
403.543000 6.737885e-01 3.674551e-04 -1.932083e-03
403.545000 6.635418e-01 -2.920271e-02 2.228836e-03
403.548000 6.670575e-01 1.765392e-02 -5.437160e-05
403.550000 7.432570e-01 -2.045224e-02 5.345973e-04
403.553000 7.519438e-01 3.262898e-02 3.883066e-03
403.555000 7.703784e-01 -3.003071e-03 9.498770e-04
403.558000 8.320099e-01 -1.742799e-02 8.185556e-04
403.560000 8.370551e-01 -2.204656e-02 -1.387942e-03
403.563000 8.696096e-01 5.817902e-03 -2.802656e-03
403.565000 8.303018e-01 4.489137e-03 -1.533270e-03
403.568000 9.357341e-01 -7.191343e-03 5.910212e-04
403.570000 8.314234e-01 3.150010e-03 6.925825e-04
403.573000 8.862963e-01 -6.031495e-03 1.820150e-03
403.575000 9.235146e-01 1.523954e-02 -3.846471e-03
403.578000 9.022198e-01 -5.238016e-03 1.537203e-03
403.580000 8.827806e-01 -9.897101e-03 -6.281186e-04
403.583000 9.547527e-01 -4.080039e-03 -2.014468e-03
403.585000 9.185314e-01 3.293712e-03 -1.258463e-03
403.588000 9.567359e-01 -3.678167e-03 -7.104550e-04
403.590000 9.762117e-01 -1.090615e-02 -3.240105e-03
403.593000 9.437504e-01 -7.993696e-03 -1.272844e-03
403.595000 9.629244e-01 -9.922205e-04 -1.686397e-03
403.598000 9.666768e-01 -8.768012e-03 -1.794205e-03
403.600000 9.716144e-01 -6.201476e-03 -1.559860e-03
403.603000 9.599488e-01 -1.396452e-02 -7.331358e-04
403.605000 9.542031e-01 -1.843378e-02 -2.628455e-03
403.608000 9.787282e-01 -1.882735e-03 -1.003247e-03
403.610000 9.835358e-01 1.114377e-02 1.918994e-03
403.612000 9.510531e-01 -4.426170e-03 1.591854e-04
403.615000 9.348286e-01 -2.538261e-03 -2.517159e-03
403.617000 9.314952e-01 7.300645e-04 -2.216540e-03
403.620000 9.351851e-01 -2.089136e-02 -2.582713e-03
403.622000 9.138875e-01 3.579796e-03 -1.522062e-03
403.625000 9.434901e-01 3.331034e-03 7.221373e-04
403.627000 9.117677e-01 -3.279196e-03 -1.354597e-03
403.630000 8.919909e-01 -1.180246e-02 -3.877664e-03
403.632000 8.924881e-01 -2.266376e-02 -3.931035e-03
403.635000 8.916986e-01 3.620077e-04 2.941686e-03
403.637000 9.018968e-01 -8.821590e-03 1.686479e-03
403.640000 8.862843e-01 2.178687e-04 1.144208e-03
403.642000 8.907742e-01 7.395514e-04 1.592856e-03
403.645000 8.858922e-01 -1.862950e-02 9.821361e-04
403.647000 8.808355e-01 -5.593592e-03 -9.861009e-04
403.650000 8.622965e-01 -9.367047e-03 1.365198e-03
403.652000 8.917115e-01 -1.385421e-02 -5.848726e-04
403.655000 8.792861e-01 3.699552e-04 -2.861034e-03
403.657000 8.836460e-01 -9.475508e-03 -2.632998e-03
403.660000 9.029874e-01 -7.468652e-03 -8.037891e-04
403.662000 8.810578e-01 -1.077447e-02 -3.660207e-03
403.665000 9.317665e-01 -2.127135e-02 3.703840e-05
403.667000 9.298968e-01 2.157392e-04 -4.274297e-04
403.670000 9.436741e-01 -9.379818e-03 2.059522e-04
403.672000 9.708808e-01 3.003691e-03 1.238634e-04
403.674000 9.672865e-01 6.942060e-04 -1.691672e-03
403.677000 9.635481e-01 -1.392421e-02 -1.594064e-03
403.679000 9.566515e-01 -8.555843e-03 2.243232e-04
403.682000 9.687307e-01 9.380069e-03 -6.065986e-04
403.684000 9.318569e-01 -1.680713e-02 -9.845918e-04
403.687000 9.652996e-01 1.325970e-02 -3.310063e-04
403.689000 9.040190e-01 3.505829e-03 -3.700339e-04
403.692000 9.740086e-01 -3.444549e-03 -3.169556e-03
403.694000 9.208265e-01 -4.549012e-03 -1.242686e-03
403.697000 9.590577e-01 -1.434562e-02 -5.144812e-03
403.699000 9.491296e-01 -9.862892e-03 -1.060942e-03
403.702000 9.628537e-01 -7.060245e-03 -8.593921e-03
403.704000 9.292852e-01 -5.342451e-03 -2.212843e-03
403.707000 9.312259e-01 -4.613739e-03 -2.547629e-03
403.709000 9.355031e-01 -1.834441e-02 -3.463743e-03
403.712000 9.668483e-01 6.017198e-03 2.213737e-04
403.714000 9.652407e-01 7.236759e-03 1.588793e-03
403.717000 9.705802e-01 -9.346999e-03 1.262345e-03
403.719000 9.491577e-01 6.286510e-03 -2.015529e-03
403.721000 9.454902e-01 -9.456822e-03 -3.679131e-04
403.724000 9.359997e-01 -7.453868e-03 2.248944e-05
403.726000 9.623507e-01 7.177022e-03 -2.676470e-03
403.729000 9.398804e-01 -1.729476e-02 -1.064101e-04
403.731000 9.211500e-01 1.275623e-02 -1.273696e-03
403.734000 9.500751e-01 1.367452e-02 -1.126246e-04
403.736000 9.457130e-01 -9.940955e-03 2.011325e-03
403.739000 9.349938e-01 1.062115e-02 -1.489571e-03
403.741000 9.505391e-01 7.648772e-04 -1.428002e-03
403.744000 8.997643e-01 1.221105e-02 -2.073088e-03
403.746000 9.090027e-01 -1.481787e-02 -1.030042e-03
403.749000 9.597158e-01 -2.331175e-02 -1.730454e-03
403.751000 9.255558e-01 1.754514e-02 -3.538017e-03
403.754000 9.168659e-01 -9.966744e-03 1.448792e-03
403.756000 9.190319e-01 -2.223804e-03 2.283685e-03
403.759000 9.373657e-01 2.552731e-03 1.203274e-03
403.761000 8.849675e-01 -1.059881e-02 -4.377824e-04
403.764000 9.364651e-01 -1.159006e-02 3.983933e-04
403.766000 8.683563e-01 -1.132812e-02 -7.142779e-04
403.769000 9.490749e-01 -9.917837e-03 -1.698726e-03
403.771000 9.351478e-01 -1.084132e-03 8.876272e-05
403.773000 9.333865e-01 1.071266e-02 -6.683289e-04
403.776000 9.428492e-01 -3.141678e-02 -4.391621e-04
403.778000 9.489820e-01 -7.764861e-03 1.886215e-03
403.781000 9.297762e-01 -1.800363e-02 -2.414152e-03
403.783000 9.657721e-01 3.264167e-03 -1.943544e-03
403.786000 9.499622e-01 1.397643e-03 1.390952e-03
403.788000 9.699352e-01 -1.205928e-02 -2.157442e-04
403.791000 9.552229e-01 -1.774933e-03 1.851673e-04
403.793000 9.867608e-01 1.234154e-02 -2.661903e-03
403.796000 9.609970e-01 -1.086048e-02 2.874641e-04
403.798000 9.608303e-01 7.262127e-03 7.905903e-04
403.801000 9.857073e-01 -3.295096e-03 1.447174e-04
403.803000 9.696415e-01 6.823946e-03 -1.353756e-03
403.806000 9.893468e-01 -2.344903e-02 -3.595892e-03
403.808000 9.773632e-01 -1.664503e-02 -1.918550e-03
403.810000 9.653720e-01 -1.988608e-02 -1.315658e-04
403.813000 9.850237e-01 -2.901791e-03 1.413926e-03
403.816000 9.439928e-01 -1.616515e-02 -3.279846e-03
403.818000 9.599987e-01 -1.004481e-02 -1.908312e-03
403.820000 9.577743e-01 -5.175286e-03 7.196647e-05
403.823000 9.749787e-01 -6.479073e-03 4.825604e-04
403.825000 9.762462e-01 -5.514634e-03 -1.158249e-03
403.828000 9.487457e-01 -9.646876e-03 -1.965643e-04
403.830000 9.641492e-01 -5.635981e-03 -2.502026e-03
403.833000 1.000000e+00 0.000000e+00 0.000000e+00
412.810000 1.000000e+00 0.000000e+00 0.000000e+00
412.812000 9.114375e-01 -1.164633e-03 9.016339e-04
412.815000 8.756089e-01 -4.467572e-02 -1.518537e-03
412.817000 9.291276e-01 1.703992e-02 9.219684e-04
412.820000 8.986467e-01 -1.827357e-02 4.507834e-04
412.822000 9.549593e-01 2.981340e-03 -4.979205e-03
412.825000 9.137527e-01 2.734695e-02 -4.111744e-03
412.827000 9.127100e-01 5.114083e-03 9.161000e-03
412.829000 1.001314e+00 -1.750608e-02 3.573512e-03
412.832000 9.821539e-01 1.160877e-02 -7.180700e-04
412.834000 9.458435e-01 -2.346438e-02 1.245852e-03
412.837000 9.220210e-01 -1.622268e-02 -3.838449e-03
412.839000 9.750728e-01 2.528239e-03 -1.173500e-03
412.842000 8.987495e-01 -4.803294e-03 3.175917e-04
412.844000 9.451903e-01 -8.567333e-03 -3.863518e-03
412.846000 9.494205e-01 2.972395e-02 -1.891526e-03
412.849000 8.927880e-01 -2.000917e-02 -5.798383e-03
412.851000 9.360793e-01 -2.624809e-02 -9.274193e-04
412.854000 9.199050e-01 2.447413e-02 2.023446e-03
412.856000 9.442981e-01 -1.216087e-02 -1.738066e-03
412.859000 9.445823e-01 3.012566e-02 -1.943734e-03
412.861000 9.280453e-01 2.035680e-02 1.287151e-04
412.863000 9.507783e-01 6.191926e-03 1.895719e-03
412.866000 9.639638e-01 -1.306681e-02 -2.061984e-05
412.868000 9.715747e-01 -1.321947e-02 1.712842e-03
412.871000 9.407788e-01 -2.015333e-02 1.888382e-03
412.873000 9.200428e-01 -1.880557e-02 -7.691186e-04
412.875000 9.214713e-01 -8.356200e-03 -3.068144e-03
412.878000 9.416649e-01 -2.105475e-02 -3.009769e-03
412.880000 9.615228e-01 -2.580843e-02 6.694539e-04
412.883000 9.357444e-01 -1.530010e-03 -8.028872e-04
412.885000 9.346558e-01 -2.948300e-03 -3.499304e-03
412.888000 9.223641e-01 1.829331e-02 -1.391024e-03
412.890000 8.867810e-01 -2.500476e-02 -2.055552e-03
412.893000 9.193883e-01 -6.303745e-03 1.168188e-03
412.895000 8.707883e-01 -7.227502e-04 2.552973e-03
412.897000 9.033994e-01 1.233806e-02 5.016589e-04
412.900000 9.335627e-01 1.881014e-02 1.287816e-03
412.902000 8.911049e-01 1.926057e-02 -7.026546e-03
412.905000 9.282390e-01 -1.417973e-03 -4.147521e-03
412.907000 8.923227e-01 -2.801364e-03 2.390341e-03
412.909000 9.176696e-01 2.230289e-02 1.537281e-03
412.912000 9.119447e-01 1.955274e-02 -1.984251e-03
412.914000 9.389148e-01 -6.158515e-03 -2.303360e-03
412.917000 9.067204e-01 -1.047147e-02 -4.201595e-03
412.919000 9.412154e-01 1.246795e-03 1.255022e-03
412.922000 9.544999e-01 -2.402369e-03 -2.696278e-03
412.924000 9.143654e-01 -1.966794e-02 -7.058742e-04
412.926000 8.870779e-01 -4.180593e-02 -6.197393e-04
412.929000 8.956564e-01 1.132727e-02 -3.153523e-03
412.931000 8.873416e-01 2.259830e-03 -1.459095e-03
412.934000 8.700710e-01 -3.640548e-03 3.648005e-03
412.936000 8.351626e-01 6.005041e-03 1.254643e-03
412.939000 8.244987e-01 -2.800451e-02 -9.466106e-04
412.941000 8.081047e-01 -9.072157e-03 -2.421089e-03
412.943000 8.137474e-01 -6.663515e-03 -1.718600e-03
412.946000 7.944992e-01 -2.124919e-02 -1.034789e-03
412.948000 7.865854e-01 -1.244288e-02 -3.119486e-03
412.951000 7.760298e-01 -8.831208e-03 -6.025521e-03
412.953000 7.963735e-01 -1.110062e-02 -2.463376e-03
412.956000 8.434837e-01 -3.328046e-02 -1.157318e-03
412.958000 8.521724e-01 -2.280648e-02 -2.815054e-03
412.961000 8.663296e-01 1.686341e-02 2.774571e-03
412.963000 8.389449e-01 1.529567e-05 1.166707e-03
412.965000 8.742457e-01 -2.999323e-02 -7.010975e-04
412.968000 8.633197e-01 1.588576e-03 1.044694e-03
412.970000 8.708895e-01 2.590748e-03 -2.213681e-03
412.973000 8.724788e-01 -1.453842e-02 1.801637e-04
412.975000 8.787431e-01 -3.396912e-02 2.824188e-03
412.978000 8.510880e-01 5.514963e-03 -1.323638e-03
412.980000 8.772749e-01 1.121604e-02 -2.311135e-04
412.982000 8.791059e-01 -1.004930e-02 -3.388121e-03
412.985000 8.669126e-01 1.666010e-02 4.612969e-03
412.987000 8.596860e-01 -1.122223e-02 1.421249e-03
412.990000 8.926341e-01 -1.098285e-02 -2.545576e-04
412.992000 8.734436e-01 3.380749e-03 -2.997038e-03
412.994000 8.840231e-01 2.463637e-02 -2.282436e-04
412.997000 8.921952e-01 -4.750595e-02 -1.079829e-03
412.999000 9.016356e-01 -1.465659e-02 -6.388303e-03
413.002000 9.503579e-01 -1.275254e-02 -2.488534e-03
413.004000 9.110552e-01 -2.108027e-02 -4.974923e-04
413.007000 9.257286e-01 -2.905479e-02 -4.631358e-03
413.009000 8.987473e-01 -2.121192e-02 -1.273342e-03
413.011000 9.061292e-01 -1.220666e-02 2.171038e-04
413.014000 9.344961e-01 1.288544e-02 2.857281e-03
413.016000 9.084056e-01 7.616952e-03 1.173087e-03
413.019000 9.030774e-01 -2.373443e-03 -1.865447e-03
413.021000 9.062508e-01 -2.458981e-03 8.134477e-04
413.024000 8.954353e-01 -5.266463e-03 3.033279e-03
413.026000 8.807317e-01 -6.167113e-03 2.153609e-03
413.028000 8.717436e-01 -4.188477e-03 -8.621823e-05
413.031000 9.022254e-01 -1.034962e-02 -5.039255e-03
413.033000 9.065696e-01 -1.892072e-02 -5.402124e-03
413.036000 8.512716e-01 -1.838403e-02 -5.496074e-03
413.038000 8.295129e-01 -2.153654e-02 -4.187826e-03
413.040000 8.200488e-01 3.349093e-03 4.003999e-03
413.043000 7.656619e-01 -1.522489e-02 -1.467692e-03
413.045000 7.216684e-01 1.025748e-02 -3.659177e-03
413.048000 6.898561e-01 -7.049828e-03 3.005489e-03
413.050000 6.611679e-01 -2.196818e-02 -9.558732e-04
413.053000 5.980243e-01 4.667341e-03 -2.227332e-03
413.055000 5.686086e-01 -4.328481e-02 5.789462e-04
413.057000 5.597483e-01 2.163330e-02 -1.769980e-03
413.060000 4.792196e-01 1.361012e-03 5.866248e-03
413.062000 6.093770e-01 4.214272e-03 -2.682316e-04
413.065000 5.190608e-01 -1.936342e-03 5.096795e-03
413.067000 5.822070e-01 2.825017e-03 -2.154773e-03
413.069000 5.853786e-01 -3.418472e-02 1.693226e-03
413.072000 5.759017e-01 2.068269e-02 6.520484e-04
413.074000 6.478399e-01 -1.193229e-02 5.466032e-04
413.077000 6.884017e-01 4.530256e-02 6.133603e-03
413.079000 7.052186e-01 1.897085e-02 3.546019e-03
413.082000 7.762307e-01 -2.380367e-02 1.986828e-03
413.084000 7.945058e-01 -3.300012e-02 -6.068647e-04
413.087000 8.425300e-01 1.164109e-03 -4.651543e-03
413.089000 8.104567e-01 8.990084e-03 -3.656971e-03
413.091000 8.573297e-01 -2.643355e-03 -1.139451e-03
413.094000 8.581971e-01 -2.798129e-03 8.197035e-04
413.096000 8.074094e-01 -5.968345e-03 3.411480e-03
413.099000 8.783787e-01 6.569620e-03 -1.538497e-03
413.101000 9.040295e-01 1.587541e-02 -3.061525e-03
413.103000 8.888158e-01 -6.892857e-03 3.258762e-03
413.106000 8.869552e-01 -1.606169e-02 -1.682755e-03
413.108000 9.591588e-01 -1.108299e-02 -3.362470e-03
413.111000 9.022619e-01 4.092401e-03 -9.793885e-04
413.113000 9.277458e-01 -2.871843e-03 1.084597e-03
413.115000 9.883891e-01 -1.346502e-02 -6.345660e-03
413.118000 9.153701e-01 -2.494268e-02 -1.728930e-03
413.120000 9.557988e-01 7.224154e-03 -2.777172e-03
413.123000 9.494337e-01 -2.348941e-02 -2.815997e-03
413.125000 9.710574e-01 -2.293122e-03 -3.190410e-03
413.128000 9.493586e-01 -2.759224e-02 -1.244731e-03
413.130000 9.511151e-01 -1.836286e-02 -1.183583e-03
413.132000 9.341184e-01 -4.448515e-02 -7.843021e-03
413.135000 1.001780e+00 2.826323e-02 3.574313e-03
413.137000 9.569200e-01 6.307514e-03 2.227696e-03
413.140000 9.344570e-01 -2.354913e-02 -4.007654e-03
413.142000 9.086711e-01 9.807334e-03 -4.062788e-03
413.144000 9.312282e-01 -2.134346e-02 -3.352550e-03
413.147000 8.991119e-01 -2.223546e-02 -5.045987e-03
413.149000 9.047192e-01 1.792205e-02 8.695074e-05
413.152000 9.303687e-01 -8.783707e-03 -4.136187e-04
413.154000 8.676935e-01 6.776727e-03 -2.091632e-03
413.157000 8.812611e-01 -3.571290e-02 -7.763266e-03
413.159000 8.508311e-01 -2.789109e-02 -5.198210e-03
413.161000 8.334525e-01 2.729142e-03 2.232754e-03
413.164000 8.710669e-01 -1.735191e-02 1.523070e-03
413.166000 8.463856e-01 -1.610363e-02 -1.707753e-03
413.169000 8.634534e-01 -4.476240e-04 2.329813e-03
413.171000 8.567040e-01 -2.382519e-02 1.954487e-04
413.174000 8.518517e-01 -9.304369e-03 -1.629418e-03
413.176000 8.380059e-01 4.097795e-03 -2.612384e-03
413.178000 8.305058e-01 -2.713779e-02 4.239087e-03
413.181000 8.814870e-01 -1.132112e-02 -5.701864e-03
413.183000 8.377357e-01 2.996583e-03 -4.288040e-03
413.186000 8.734357e-01 -2.468446e-02 -3.329527e-03
413.188000 8.775723e-01 -9.227657e-03 -1.341866e-03
413.190000 8.400174e-01 -2.196492e-02 -8.314158e-03
413.193000 9.274751e-01 -3.284172e-02 1.437310e-03
413.195000 9.076120e-01 1.221949e-02 -1.475225e-03
413.198000 9.362357e-01 -1.728299e-02 5.777065e-04
413.200000 9.708695e-01 1.069265e-02 1.097513e-04
413.202000 9.545935e-01 -2.733174e-03 -3.585382e-03
413.205000 9.563858e-01 -2.484409e-02 -2.216958e-03
413.207000 9.439916e-01 -1.199260e-02 7.308337e-04
413.210000 9.632605e-01 1.728324e-02 -1.266291e-03
413.212000 9.109508e-01 -3.188406e-02 -1.617672e-03
413.214000 9.223972e-01 -1.514423e-02 -9.892477e-04
413.217000 8.802574e-01 5.664385e-03 -6.145678e-04
413.219000 9.007503e-01 -8.904750e-03 -3.063141e-03
413.222000 9.071346e-01 -7.360062e-03 -2.308552e-03
413.224000 9.040811e-01 -1.604510e-02 -4.271503e-03
413.227000 9.393656e-01 -1.746417e-02 -2.708353e-03
413.229000 9.402790e-01 -1.241967e-02 -5.904014e-03
413.231000 9.421302e-01 -1.079997e-02 -1.160214e-02
413.234000 9.057384e-01 -7.858278e-03 -1.958310e-03
413.236000 9.160525e-01 -1.397651e-02 -4.666233e-03
413.239000 9.369758e-01 -1.653655e-02 -3.410726e-03
413.241000 9.583292e-01 1.043303e-02 8.811281e-04
413.243000 9.565708e-01 1.187352e-02 3.042646e-03
413.246000 9.589161e-01 -1.110962e-02 1.173238e-03
413.248000 9.332118e-01 1.346310e-02 -4.018160e-03
413.251000 9.292924e-01 -2.447025e-02 6.481225e-04
413.253000 9.197690e-01 -1.109400e-02 -4.333531e-05
413.256000 9.564288e-01 9.730530e-03 -4.741325e-03
413.258000 9.242372e-01 -2.992048e-02 -2.759150e-05
413.260000 9.017873e-01 2.155761e-02 -2.128244e-03
413.263000 9.376590e-01 2.340641e-02 -2.649972e-04
413.265000 9.327754e-01 -1.452672e-02 3.158530e-03
413.268000 9.180937e-01 1.805174e-02 -2.379457e-03
413.270000 9.364274e-01 3.024424e-03 -2.378113e-03
413.272000 9.023841e-01 1.421702e-02 -3.097654e-03
413.275000 8.849662e-01 -1.716328e-02 -1.993012e-03
413.277000 9.276476e-01 -4.118880e-02 -2.007717e-03
413.280000 9.169061e-01 1.399437e-02 -5.197246e-03
413.282000 8.999030e-01 3.323175e-03 -1.416738e-03
413.284000 8.972617e-01 -1.355546e-02 2.721416e-03
413.287000 9.228459e-01 4.202450e-03 3.220334e-03
413.289000 9.097257e-01 2.985748e-04 1.490031e-03
413.292000 9.091037e-01 -1.857938e-02 3.242742e-04
413.294000 9.091059e-01 -1.912889e-02 4.559097e-04
413.297000 8.915119e-01 -2.017950e-02 -2.708497e-03
413.299000 9.355329e-01 -1.563600e-02 -2.603163e-03
413.301000 9.192925e-01 -1.110921e-03 1.030996e-04
413.304000 9.205674e-01 -7.501601e-03 -1.299021e-03
413.306000 9.287725e-01 -5.296258e-02 -8.149215e-04
413.309000 9.250498e-01 -2.056409e-02 7.727740e-04
413.311000 9.090094e-01 -3.271466e-02 -4.058269e-03
413.313000 9.538541e-01 2.255376e-03 -3.370893e-03
413.316000 9.338262e-01 5.660231e-03 2.721791e-03
413.318000 9.619044e-01 -1.803540e-02 -2.269776e-04
413.321000 9.349860e-01 -9.405220e-03 1.455735e-03
413.323000 9.816755e-01 2.289289e-02 -4.285227e-03
413.325000 9.640182e-01 -1.725223e-02 -1.349671e-03
413.328000 9.450329e-01 1.275948e-02 1.239803e-03
413.330000 9.817595e-01 -1.055055e-02 1.122556e-03
413.333000 9.595036e-01 1.959151e-02 -9.465959e-04
413.335000 9.822725e-01 -2.632121e-02 -5.474976e-03
413.337000 9.850747e-01 -3.671796e-02 -5.631539e-03
413.340000 9.616803e-01 -3.169299e-02 -1.491349e-03
413.342000 9.804360e-01 -1.493186e-02 2.445654e-03
413.345000 9.397549e-01 -2.110977e-02 -2.724698e-03
413.347000 9.305319e-01 -2.674762e-02 -5.429309e-03
413.349000 9.503736e-01 -1.683359e-02 -3.226565e-03
413.352000 9.546292e-01 -1.013927e-02 1.121229e-03
413.354000 9.681401e-01 -1.103505e-02 1.118141e-03
413.357000 9.574479e-01 -1.226694e-02 -5.678878e-04
413.359000 9.361773e-01 -1.640361e-02 2.442943e-04
413.361000 9.433857e-01 -1.213272e-02 -3.767781e-03
413.364000 1.000000e+00 0.000000e+00 0.000000e+00
416.448000 1.000000e+00 0.000000e+00 0.000000e+00
416.451000 8.938931e-01 -4.389036e-02 -1.224129e-03
416.453000 9.195831e-01 -1.784186e-02 -6.568930e-04
416.456000 9.128128e-01 -9.613555e-03 1.629763e-03
416.459000 9.636793e-01 -3.369327e-03 -2.550942e-03
416.461000 9.487176e-01 1.895721e-02 -6.879487e-03
416.464000 9.236899e-01 8.908645e-03 5.875358e-03
416.467000 1.005582e+00 -1.242463e-02 2.076024e-03
416.469000 9.928648e-01 9.351861e-03 -3.726844e-04
416.472000 9.546721e-01 -1.977952e-02 8.363919e-04
416.475000 9.463918e-01 -1.005894e-02 -2.580973e-03
416.477000 9.828565e-01 3.122624e-03 -6.334873e-04
416.480000 9.270202e-01 -3.973071e-03 -1.670413e-04
416.483000 9.615320e-01 9.790126e-03 -2.208011e-03
416.485000 9.517284e-01 2.363673e-02 -1.464856e-03
416.488000 9.337273e-01 -1.989972e-02 -2.553655e-03
416.491000 9.491076e-01 4.305834e-03 1.327926e-03
416.493000 9.466564e-01 6.374481e-03 1.036971e-04
416.496000 9.611734e-01 4.733027e-03 -1.890514e-03
416.499000 9.442542e-01 1.461238e-02 1.726613e-04
416.501000 9.636667e-01 4.348454e-03 1.466108e-03
416.504000 9.720078e-01 -1.007798e-02 -7.669473e-05
416.507000 9.883853e-01 -6.422958e-03 3.224890e-03
416.510000 9.375936e-01 -1.881088e-02 1.747813e-04
416.512000 9.398565e-01 -9.556718e-03 -1.311502e-03
416.515000 9.406144e-01 -3.294910e-03 -4.047150e-03
416.517000 9.684215e-01 -2.699279e-02 -6.658759e-04
416.520000 9.605252e-01 1.330351e-02 1.710168e-03
416.523000 9.479358e-01 -5.207212e-03 -2.775801e-03
416.526000 9.456400e-01 1.765156e-02 -9.520333e-04
416.528000 9.079090e-01 -1.992105e-02 -1.639585e-03
416.531000 9.443587e-01 -4.872539e-03 6.605636e-04
416.533000 8.984678e-01 -1.584838e-03 2.098927e-03
416.536000 9.369427e-01 1.073158e-02 1.214248e-03
416.539000 9.357539e-01 1.450810e-02 -1.486976e-03
416.541000 9.277962e-01 9.957335e-03 -5.087636e-03
416.544000 9.346617e-01 -1.740297e-03 -1.311294e-03
416.547000 9.337466e-01 1.367023e-02 1.259448e-03
416.549000 9.364882e-01 1.809136e-02 -2.110452e-04
416.552000 9.493695e-01 -1.047344e-03 -1.685725e-03
416.555000 9.318909e-01 -8.207632e-03 -3.065272e-03
416.557000 9.494868e-01 -8.866615e-04 9.373092e-05
416.560000 9.649727e-01 -8.338880e-04 -1.426038e-03
416.563000 9.266045e-01 -1.838598e-02 -1.918425e-04
416.565000 9.088673e-01 -3.598002e-02 -5.617641e-04
416.568000 9.236847e-01 2.007174e-02 -2.774793e-03
416.571000 9.055515e-01 -8.579825e-03 6.484316e-04
416.573000 8.989724e-01 -1.037949e-03 3.347278e-03
416.576000 8.586490e-01 2.074499e-03 -7.201717e-04
416.579000 8.590248e-01 -1.570383e-02 -1.364908e-03
416.582000 8.627650e-01 -9.967340e-03 -8.044525e-04
416.584000 8.591611e-01 -2.026528e-02 -1.072900e-04
416.587000 8.433866e-01 -9.435214e-03 -2.509947e-03
416.589000 8.479971e-01 -8.131327e-03 -3.864391e-03
416.592000 8.574263e-01 -9.517311e-03 -7.600029e-04
416.595000 8.732173e-01 -2.677804e-02 -1.770096e-03
416.597000 8.957875e-01 -1.322372e-02 -1.465687e-03
416.600000 8.902618e-01 1.321557e-02 2.064452e-03
416.603000 8.984337e-01 -2.004826e-02 -5.562538e-04
416.605000 8.969528e-01 -9.734440e-03 9.805947e-04
416.608000 8.999680e-01 2.048353e-03 -9.964551e-04
416.611000 8.966654e-01 -5.090307e-04 -1.305751e-03
416.613000 9.092981e-01 -2.384483e-02 1.924236e-03
416.616000 8.763529e-01 -3.950438e-04 -1.543857e-03
416.619000 9.060028e-01 8.071787e-03 -2.260032e-04
416.621000 9.073934e-01 -7.761883e-03 -2.576637e-03
416.624000 8.980311e-01 1.250851e-02 3.464342e-03
416.627000 9.011297e-01 -1.010420e-02 6.372474e-04
416.629000 9.180568e-01 -8.482380e-03 -1.467676e-04
416.632000 9.056073e-01 9.696175e-03 -1.501385e-03
416.635000 9.161220e-01 -7.335034e-03 -1.033562e-04
416.637000 9.203170e-01 -2.933244e-02 -2.417524e-03
416.640000 9.448065e-01 -4.551663e-03 -4.067239e-03
416.643000 9.349300e-01 -1.534178e-02 -4.743977e-04
416.645000 9.303417e-01 -1.982715e-02 -1.642336e-03
416.648000 9.251473e-01 -1.667246e-02 -1.295144e-03
416.651000 9.372690e-01 -6.650843e-03 1.213141e-04
416.653000 9.488337e-01 7.557017e-03 1.851371e-03
416.656000 9.166237e-01 -1.873852e-04 -3.522728e-04
416.659000 9.332897e-01 -6.668200e-04 -1.453681e-03
416.661000 9.249469e-01 -2.556237e-03 1.746376e-03
416.664000 9.190467e-01 -4.248428e-03 2.102670e-03
416.667000 8.996495e-01 -4.110926e-03 5.713656e-04
416.669000 9.106674e-01 9.889850e-04 -2.791169e-03
416.672000 9.351294e-01 -1.636661e-02 -4.332939e-03
416.675000 8.910372e-01 -1.046878e-02 -3.655959e-03
416.677000 8.706530e-01 -2.130047e-02 -4.765635e-03
416.680000 8.555716e-01 -2.095819e-03 2.269223e-03
416.683000 8.118924e-01 -6.249498e-03 -1.641431e-03
416.685000 7.832591e-01 6.034885e-03 -1.552834e-03
416.688000 7.577364e-01 -8.428781e-03 1.574893e-03
416.691000 7.159332e-01 3.367037e-03 -1.737799e-03
416.693000 6.873252e-01 -4.790963e-03 -1.202027e-03
416.696000 6.648255e-01 9.294729e-04 -7.751717e-04
416.699000 6.098042e-01 6.257086e-03 3.286865e-03
416.701000 6.672084e-01 2.445353e-03 1.346823e-03
416.704000 6.512100e-01 -3.682891e-04 2.833491e-03
416.707000 6.865659e-01 2.614742e-03 -2.369016e-03
416.709000 6.810993e-01 -3.031921e-02 1.925007e-03
416.712000 6.747489e-01 2.197997e-02 1.425710e-04
416.714000 7.377884e-01 -1.393234e-02 4.873834e-04
416.717000 7.610686e-01 3.993005e-02 4.959377e-03
416.720000 7.870531e-01 -7.563615e-03 1.018899e-03
416.722000 8.318187e-01 -1.869113e-02 1.529617e-03
416.725000 8.473863e-01 -2.540359e-02 -1.883477e-03
416.728000 8.742239e-01 7.207359e-03 -3.434207e-03
416.730000 8.388304e-01 5.519934e-03 -1.899439e-03
416.733000 9.436407e-01 -9.656190e-03 7.482112e-04
416.736000 8.527985e-01 -4.712394e-03 2.608880e-03
416.738000 8.866099e-01 -1.168738e-02 3.414988e-03
416.741000 9.264909e-01 1.214091e-02 -2.376004e-03
416.744000 8.944920e-01 -8.611248e-03 1.084611e-03
416.746000 9.105772e-01 -1.209356e-02 -1.209896e-03
416.749000 9.468477e-01 -2.318918e-03 -2.493462e-03
416.752000 9.303157e-01 1.111347e-03 8.527372e-04
416.754000 9.647373e-01 -5.598688e-03 -1.599281e-03
416.757000 9.471367e-01 -1.998505e-02 -2.238175e-03
416.760000 9.632326e-01 3.162804e-03 -2.012274e-03
416.762000 9.608115e-01 -1.235241e-02 -2.075549e-03
416.765000 9.759112e-01 -3.561659e-03 -2.363948e-03
416.768000 9.610270e-01 -2.161723e-02 -9.408713e-04
416.770000 9.623611e-01 -1.474524e-02 -8.953421e-04
416.773000 9.472170e-01 -3.779161e-02 -7.164587e-03
416.776000 9.933637e-01 1.864760e-02 2.763378e-03
416.778000 9.543978e-01 -2.040785e-03 1.112574e-03
416.781000 9.443794e-01 -1.177701e-02 -3.201695e-03
416.784000 9.402495e-01 -6.513792e-03 -2.653996e-03
416.786000 9.573110e-01 -3.741550e-02 -2.512299e-03
416.789000 9.202399e-01 6.720260e-03 -1.402476e-03
416.791000 9.452968e-01 2.366275e-02 3.096408e-03
416.794000 9.164587e-01 -4.351401e-03 -1.690028e-03
416.797000 8.938118e-01 -1.133435e-02 -4.550230e-03
416.799000 9.034963e-01 -3.183687e-02 -5.387359e-03
416.802000 8.875642e-01 1.057395e-03 2.909529e-03
416.805000 8.916741e-01 -1.670029e-02 -5.658886e-04
416.807000 8.868117e-01 -6.149237e-03 1.911259e-05
416.810000 8.935377e-01 -4.391153e-03 9.974437e-04
416.813000 8.917561e-01 -2.539244e-02 1.668797e-03
416.815000 8.849868e-01 -1.560614e-03 -2.103404e-03
416.818000 8.672881e-01 -1.487668e-02 2.498167e-03
416.821000 9.238338e-01 -1.392746e-02 -4.718826e-03
416.823000 8.835461e-01 1.003400e-03 -3.518731e-03
416.826000 9.000467e-01 -2.313581e-02 -3.324838e-03
416.829000 9.031791e-01 -7.935602e-03 -1.557709e-03
416.831000 8.746570e-01 -1.741947e-02 -6.749113e-03
416.834000 9.431684e-01 -2.185454e-02 8.977278e-04
416.837000 9.340878e-01 4.742461e-03 -8.152829e-04
416.839000 9.527725e-01 -1.169366e-02 4.123882e-04
416.842000 9.742826e-01 5.243967e-03 -1.225491e-03
416.845000 9.623988e-01 -1.442337e-02 -2.688257e-03
416.847000 9.633933e-01 -1.541421e-02 -5.010963e-04
416.850000 9.626062e-01 5.628219e-03 1.545271e-04
416.853000 9.317646e-01 -2.395720e-02 -1.215065e-03
416.855000 9.400645e-01 -1.188091e-02 -7.490598e-04
416.858000 9.101388e-01 4.917333e-03 -4.563184e-04
416.860000 9.210256e-01 -6.825905e-03 -2.206742e-03
416.863000 9.322020e-01 -5.421835e-03 -1.880714e-03
416.866000 9.523940e-01 -1.641251e-02 -5.608172e-03
416.868000 9.546872e-01 -1.359632e-02 -2.441808e-03
416.871000 9.609722e-01 -8.979881e-03 -8.499621e-03
416.874000 9.246026e-01 -6.142362e-03 -6.751377e-04
416.876000 9.315623e-01 -5.813576e-03 -2.430298e-03
416.879000 9.391680e-01 -2.543990e-02 -4.482892e-03
416.882000 9.682624e-01 7.648995e-03 4.514562e-04
416.884000 9.667794e-01 9.119534e-03 2.100282e-03
416.887000 9.714798e-01 -1.116549e-02 1.472665e-03
416.890000 9.485369e-01 1.633909e-03 -2.026473e-03
416.892000 9.470967e-01 -2.008308e-02 5.726780e-04
416.895000 9.472223e-01 -2.470589e-03 -1.152815e-03
416.898000 9.591281e-01 -1.734381e-03 -2.486308e-03
416.900000 9.368651e-01 -1.121161e-02 -4.755573e-04
416.903000 9.338104e-01 2.254500e-02 -1.243858e-03
416.906000 9.494336e-01 -4.267156e-03 1.774899e-03
416.908000 9.433407e-01 -5.652302e-03 1.114000e-03
416.911000 9.476306e-01 5.306702e-03 -1.805247e-03
416.913000 9.360153e-01 6.477756e-03 -2.124901e-03
416.916000 9.095006e-01 -3.851289e-03 -1.845906e-03
416.919000 9.534845e-01 -3.353941e-02 -1.615988e-03
416.921000 9.457715e-01 -4.239454e-03 -3.251234e-03
416.924000 9.222749e-01 -3.464867e-03 -1.369950e-04
416.927000 9.226497e-01 -3.805695e-03 2.731692e-03
416.929000 9.451870e-01 4.552738e-03 2.315358e-03
416.932000 8.957716e-01 -1.067768e-02 -2.794603e-04
416.935000 9.578971e-01 -1.455778e-02 8.063229e-04
416.937000 8.816386e-01 -1.403340e-02 -4.782693e-04
416.940000 9.562387e-01 -1.560003e-02 -2.974977e-03
416.943000 9.379888e-01 7.025781e-04 -2.120137e-05
416.945000 9.365677e-01 1.336680e-02 -9.146441e-04
416.948000 9.459144e-01 -3.732875e-02 -3.709056e-04
416.951000 9.410221e-01 -1.661079e-02 2.593422e-04
416.953000 9.324655e-01 -2.290683e-02 -3.015562e-03
416.956000 9.596726e-01 5.138972e-03 -6.897024e-04
416.959000 9.608570e-01 -5.310468e-03 8.544994e-04
416.961000 9.632221e-01 -1.368968e-02 3.472934e-04
416.964000 9.686251e-01 5.439137e-03 -1.129074e-03
416.966000 9.819369e-01 5.042156e-03 -2.475837e-03
416.969000 9.612768e-01 -6.210592e-03 5.393598e-04
416.972000 9.853890e-01 -7.462732e-03 8.470397e-04
416.974000 9.824626e-01 1.365578e-04 -2.057610e-05
416.977000 9.854538e-01 -1.799415e-02 -3.959924e-03
416.980000 9.838972e-01 -2.171799e-02 -3.333451e-03
416.982000 9.714630e-01 -2.348085e-02 -1.254023e-03
416.985000 9.982558e-01 -1.247066e-03 3.309608e-03
416.988000 9.314125e-01 -2.451995e-02 -4.765504e-03
416.990000 9.572500e-01 -1.707165e-02 -3.609536e-03
416.993000 9.580809e-01 -6.133584e-03 -1.704373e-04
416.995000 9.697732e-01 -8.589213e-03 1.467101e-03
416.998000 9.820053e-01 -5.818205e-03 -1.825577e-03
417.001000 9.510205e-01 -1.265251e-02 6.413139e-04
417.003000 9.515663e-01 -1.040711e-02 -2.463004e-03
417.006000 1.000000e+00 0.000000e+00 0.000000e+00
418.499000 1.000000e+00 0.000000e+00 0.000000e+00
418.501000 8.912371e-01 -2.945447e-02 1.333416e-04
418.504000 8.888443e-01 -3.891750e-02 -1.413843e-03
418.506000 9.136104e-01 1.287820e-02 1.922904e-03
418.509000 9.092733e-01 -2.209162e-02 -8.351892e-04
418.511000 9.475787e-01 1.271688e-02 -9.043172e-03
418.514000 9.072530e-01 3.602994e-02 -2.222017e-03
418.517000 9.676490e-01 -1.389604e-02 8.460707e-03
418.519000 1.000010e+00 -5.771999e-03 2.010137e-03
418.522000 9.587885e-01 -1.421080e-02 6.932779e-04
418.524000 9.285099e-01 -3.575464e-02 -1.201459e-03
418.527000 9.501434e-01 -8.445742e-03 -3.508616e-03
418.529000 9.466532e-01 1.975174e-03 -3.719186e-04
418.532000 9.204136e-01 -1.024927e-02 -2.871912e-03
418.535000 9.473956e-01 4.552681e-02 -2.800377e-03
418.537000 9.143653e-01 1.345199e-02 -5.473651e-03
418.540000 9.322458e-01 -3.954721e-02 -1.601076e-03
418.542000 9.349016e-01 7.504375e-04 2.554783e-03
418.545000 9.401763e-01 -1.422178e-02 -2.245599e-03
418.547000 9.487512e-01 -1.022988e-03 -4.043029e-03
418.550000 9.268165e-01 3.331380e-02 -1.039262e-04
418.553000 9.682831e-01 3.015855e-03 3.733970e-03
418.555000 9.651789e-01 -1.698514e-02 5.954380e-04
418.558000 9.800320e-01 -1.502012e-02 5.280684e-03
418.560000 9.476244e-01 -2.675101e-02 3.710768e-03
418.563000 9.178562e-01 -2.230385e-02 -2.124337e-03
418.566000 9.170675e-01 -4.540525e-03 -8.091454e-03
418.568000 9.502853e-01 -4.548186e-02 -2.566881e-03
418.571000 9.493962e-01 1.750024e-02 3.288484e-03
418.573000 9.270363e-01 -1.576467e-02 -3.363518e-03
418.576000 9.659747e-01 7.055493e-02 -1.577188e-03
418.578000 8.980113e-01 3.566115e-03 -2.663914e-03
418.581000 9.452960e-01 -1.781921e-02 -1.430965e-03
418.583000 8.997162e-01 -8.946224e-03 2.621019e-03
418.586000 8.880016e-01 1.249010e-02 1.481941e-03
418.589000 9.438080e-01 2.731602e-02 5.752670e-03
418.591000 9.001523e-01 2.961739e-02 -6.419979e-03
418.594000 9.334303e-01 1.318895e-03 -9.413293e-03
418.596000 9.013775e-01 -4.447121e-03 -6.891640e-05
418.599000 9.164151e-01 3.648670e-02 2.216418e-03
418.601000 9.114597e-01 3.425090e-02 -1.364357e-03
418.604000 9.376824e-01 -1.092933e-02 -3.489171e-03
418.607000 9.038098e-01 -1.537438e-02 -6.143433e-03
418.609000 9.391902e-01 2.032284e-03 1.961990e-03
418.612000 9.531739e-01 -3.315598e-03 -4.095153e-03
418.614000 9.120092e-01 -2.896239e-02 -1.138547e-03
418.617000 8.715489e-01 -7.912472e-02 -1.273229e-03
418.619000 8.902877e-01 1.135970e-02 -4.547015e-03
418.622000 8.753023e-01 -1.710487e-02 -3.234904e-04
418.625000 8.558367e-01 4.738128e-04 5.863944e-03
418.627000 8.110602e-01 1.456229e-02 -6.706148e-04
418.630000 8.176315e-01 -5.092338e-02 -1.744304e-03
418.632000 7.909243e-01 7.054281e-03 -4.703138e-03
418.635000 8.326400e-01 -4.973119e-02 1.201817e-03
418.637000 7.642347e-01 -2.354446e-02 -2.874310e-03
418.640000 8.209299e-01 -1.937543e-02 -6.389868e-03
418.643000 7.593118e-01 -1.296282e-02 -7.180241e-03
418.645000 8.877997e-01 -2.961817e-02 8.219609e-03
418.648000 8.196577e-01 -5.133121e-02 -7.060023e-03
418.650000 9.221563e-01 1.404885e-02 3.796922e-03
418.653000 8.180084e-01 1.974264e-02 3.165262e-03
418.655000 8.673728e-01 -4.726970e-02 -1.620571e-03
418.658000 8.542611e-01 1.417245e-03 3.604060e-03
418.661000 8.648703e-01 3.177990e-03 -3.228377e-03
418.663000 8.611958e-01 -4.964336e-03 -2.071883e-03
418.666000 8.690248e-01 -4.524900e-02 3.391360e-03
418.668000 8.323034e-01 1.445062e-03 -3.188943e-03
418.671000 8.725567e-01 1.409143e-02 -7.635367e-04
418.673000 8.744348e-01 -1.749674e-02 -5.453051e-03
418.676000 8.612142e-01 2.284557e-02 6.689923e-03
418.678000 8.538021e-01 -1.857168e-02 1.948846e-03
418.681000 8.879730e-01 -1.611867e-02 -4.636039e-04
418.683000 8.682900e-01 5.217445e-03 -4.537367e-03
418.686000 8.846839e-01 3.372349e-02 1.001859e-03
418.689000 8.920860e-01 -5.738220e-02 -5.031780e-03
418.691000 9.055151e-01 -6.513558e-04 -1.185907e-02
418.694000 9.362352e-01 -2.495496e-02 -2.137934e-03
418.696000 8.910929e-01 -3.642592e-02 -2.357550e-04
418.699000 9.160358e-01 -4.049113e-02 -5.833100e-03
418.702000 8.983714e-01 -2.000977e-02 3.539327e-04
418.704000 9.251921e-01 -2.030587e-03 1.324151e-03
418.707000 9.125746e-01 1.663804e-02 2.845276e-03
418.709000 8.794367e-01 -7.894493e-03 -2.606024e-03
418.712000 9.049914e-01 -2.900068e-03 -6.040619e-05
418.714000 8.937386e-01 -6.660826e-03 5.330572e-03
418.717000 8.811285e-01 -9.045802e-03 3.576452e-03
418.719000 8.630363e-01 -8.770779e-03 1.494334e-03
418.722000 8.905184e-01 -7.600030e-03 -7.006806e-03
418.725000 8.932604e-01 -2.394555e-02 -7.554245e-03
418.727000 8.542742e-01 -1.885911e-02 -7.028492e-03
418.730000 8.213321e-01 -2.414967e-02 -3.687732e-03
418.732000 8.068734e-01 -1.205338e-03 5.029146e-03
418.735000 7.490312e-01 -1.639356e-02 -2.889184e-03
418.737000 7.077771e-01 1.345913e-02 -4.087146e-03
418.740000 6.741325e-01 -1.398704e-02 3.791619e-03
418.743000 6.196226e-01 5.816336e-04 -3.167353e-03
418.745000 5.793204e-01 -3.487204e-05 -2.953149e-03
418.748000 5.462420e-01 -1.003769e-02 -1.123467e-03
418.750000 5.148271e-01 3.707709e-02 2.953499e-04
418.753000 5.302348e-01 4.327247e-03 3.936945e-03
418.755000 5.893371e-01 4.551323e-03 4.027752e-04
418.758000 5.324940e-01 6.413102e-04 2.257560e-03
418.760000 5.755730e-01 -1.416228e-02 -2.701099e-03
418.763000 5.610373e-01 -2.878857e-02 4.211018e-03
418.766000 6.282177e-01 -1.255567e-02 7.394634e-04
418.768000 6.776027e-01 -3.672710e-03 4.946069e-03
418.771000 6.913387e-01 3.658275e-02 5.999696e-03
418.773000 7.301943e-01 -2.221168e-02 2.366193e-03
418.776000 7.855227e-01 -4.827327e-02 -2.347247e-04
418.778000 8.067614e-01 -3.407362e-02 -4.809087e-03
418.781000 8.122263e-01 1.385978e-02 -5.993317e-03
418.784000 9.002415e-01 -1.436893e-02 -2.715126e-04
418.786000 8.815140e-01 -1.039498e-02 1.342808e-03
418.789000 8.121125e-01 -2.077803e-02 7.522186e-03
418.791000 8.609635e-01 -5.386454e-03 1.884660e-03
418.794000 8.995532e-01 1.372080e-02 -1.013441e-03
418.796000 8.706142e-01 -1.381859e-02 3.542264e-03
418.799000 9.079544e-01 -2.379837e-02 -3.258699e-03
418.801000 9.442204e-01 -1.128688e-02 -5.034561e-03
418.804000 9.013062e-01 4.526552e-03 -1.506459e-04
418.807000 9.666832e-01 -1.490268e-02 -5.786297e-03
418.809000 9.469661e-01 -3.420509e-02 -6.130772e-03
418.812000 9.384486e-01 -7.086565e-03 -3.596690e-03
418.814000 9.497183e-01 -1.245048e-02 -4.187956e-03
418.817000 9.608024e-01 -1.637616e-02 -4.576164e-03
418.819000 9.607142e-01 -2.005598e-02 -3.576459e-03
418.822000 9.483679e-01 -3.375187e-02 -1.822766e-03
418.824000 9.399965e-01 -4.781575e-02 -7.011857e-03
418.827000 9.716495e-01 -6.069496e-03 -2.732943e-03
418.830000 9.548393e-01 9.213249e-03 3.332333e-03
418.832000 9.345559e-01 -2.190022e-02 -2.461721e-03
418.835000 9.058090e-01 1.324606e-02 -6.130080e-03
418.837000 9.265223e-01 -2.822010e-02 -5.104533e-03
418.840000 8.991593e-01 -3.707649e-02 -7.377129e-03
418.842000 8.978142e-01 2.240227e-02 -8.676353e-04
418.845000 9.273575e-01 -5.309140e-03 2.686618e-04
418.848000 8.240172e-01 4.025548e-02 -2.771279e-03
418.850000 8.660897e-01 -3.806876e-02 -1.039143e-02
418.853000 8.128522e-01 -1.302642e-02 -3.881612e-03
418.855000 8.579354e-01 1.102260e-03 7.096650e-03
418.858000 8.464005e-01 -3.721983e-02 -2.878026e-03
418.860000 8.494851e-01 -6.289167e-03 1.360367e-03
418.863000 8.542562e-01 -1.289313e-02 1.240693e-03
418.865000 8.518363e-01 -4.186714e-02 1.510220e-03
418.868000 8.428963e-01 2.269945e-03 -5.091660e-03
418.870000 8.273608e-01 -6.779370e-03 -7.168015e-04
418.873000 8.700308e-01 -3.284619e-02 -3.629231e-03
418.876000 8.384818e-01 3.913368e-03 -6.901587e-03
418.878000 8.514079e-01 -2.646727e-02 -6.584185e-03
418.881000 8.746407e-01 -1.847315e-02 -1.978782e-03
418.883000 8.474507e-01 -2.629805e-02 -8.809559e-03
418.886000 9.049408e-01 -5.169595e-02 -1.063465e-03
418.888000 9.119361e-01 -7.886613e-03 -5.224177e-04
418.891000 9.229193e-01 -1.497667e-02 -3.656839e-05
418.894000 9.722966e-01 1.912788e-02 1.146606e-04
418.896000 9.511995e-01 -6.001409e-03 -5.778455e-03
418.899000 9.551123e-01 -3.810428e-02 -3.171567e-03
418.901000 9.413243e-01 -1.740208e-02 1.208346e-03
418.904000 9.618977e-01 2.614376e-02 -1.924490e-03
418.906000 9.081058e-01 -4.707253e-02 -2.439431e-03
418.909000 9.549198e-01 3.275629e-02 -8.303558e-04
418.911000 8.806430e-01 1.120935e-02 -9.040198e-04
418.914000 9.538487e-01 -9.466054e-03 -7.317134e-03
418.916000 9.115634e-01 -1.070194e-02 -4.001550e-03
418.919000 9.321061e-01 -3.208654e-02 -1.079341e-02
418.922000 9.278918e-01 -2.070011e-02 6.910506e-04
418.924000 9.458722e-01 -1.809209e-02 -1.600372e-02
418.927000 9.005009e-01 -1.257914e-02 -2.434141e-03
418.929000 9.062757e-01 -1.168458e-02 -4.555891e-03
418.932000 9.170525e-01 -4.853447e-02 -8.825882e-03
418.934000 9.438767e-01 -8.449811e-03 -2.842590e-03
418.937000 9.550878e-01 1.802969e-02 3.926593e-03
418.940000 9.637962e-01 -2.591082e-02 3.691725e-03
418.942000 9.371079e-01 1.169651e-02 -4.193394e-03
418.944000 9.296968e-01 -1.647684e-02 -1.752361e-03
418.947000 9.192661e-01 -2.257480e-02 2.562172e-04
418.950000 9.609447e-01 2.749695e-02 -8.512042e-03
418.952000 9.320121e-01 -2.580890e-02 -2.329802e-03
418.955000 8.942122e-01 4.471643e-02 -3.707049e-03
418.957000 9.227705e-01 4.018505e-02 -1.438349e-03
418.960000 9.294207e-01 -2.897495e-02 5.394920e-03
418.962000 9.191964e-01 6.869216e-03 -5.153139e-04
418.965000 9.356501e-01 2.408328e-03 -3.567792e-03
418.967000 8.942600e-01 2.384396e-02 -4.781733e-03
418.970000 8.810330e-01 -2.949166e-02 -2.860595e-03
418.973000 9.552358e-01 -7.508490e-02 -3.572324e-03
418.975000 9.126789e-01 2.319877e-02 -7.920525e-03
418.978000 8.922217e-01 -2.648919e-02 2.764999e-03
418.980000 8.945058e-01 -1.121078e-02 5.090437e-03
418.983000 9.359712e-01 1.409649e-02 4.273319e-03
418.985000 8.732037e-01 -1.467496e-02 3.034113e-04
418.988000 9.413708e-01 -2.898586e-02 1.535212e-03
418.990000 8.617027e-01 -2.836140e-02 -4.030257e-04
418.993000 9.256769e-01 -3.180355e-02 -5.618348e-03
418.996000 9.163503e-01 -5.165434e-03 3.793984e-04
418.998000 9.141561e-01 2.321244e-02 -1.441830e-03
419.001000 9.247341e-01 -8.871863e-02 -2.108335e-03
419.003000 9.323743e-01 -3.182255e-02 3.485497e-03
419.006000 8.983880e-01 -5.718582e-02 -6.067135e-03
419.008000 9.425538e-01 -7.291459e-03 -5.286307e-03
419.011000 9.281496e-01 1.382212e-02 4.283645e-03
419.013000 9.534707e-01 -1.870487e-02 7.103176e-04
419.016000 9.284034e-01 -2.222800e-02 3.120327e-03
419.019000 9.829217e-01 3.091164e-02 -6.653255e-03
419.021000 9.571291e-01 -4.124665e-02 -7.925103e-04
419.024000 9.451935e-01 2.260531e-02 2.010781e-03
419.026000 9.887479e-01 -2.417355e-02 1.621508e-03
419.029000 9.548280e-01 3.316716e-02 -1.994287e-03
419.031000 9.860166e-01 -5.175264e-02 -9.284920e-03
419.034000 9.756607e-01 -3.892911e-02 -5.977650e-03
419.036000 9.582705e-01 -4.882658e-02 -1.792765e-03
419.039000 1.004535e+00 5.173325e-03 7.768707e-03
419.041000 9.315275e-01 -3.509519e-02 -5.131152e-03
419.044000 9.473069e-01 -3.195810e-02 -6.884565e-03
419.047000 9.452437e-01 -1.286577e-02 1.455350e-04
419.049000 9.612191e-01 -1.793039e-02 3.397499e-03
419.052000 9.728003e-01 -1.254597e-02 -3.419072e-03
419.054000 9.393051e-01 -2.419209e-02 1.618948e-03
419.057000 9.383236e-01 -1.921327e-02 -5.545616e-03
419.059000 1.015343e+00 6.634260e-03 -9.063271e-03
420.223000 1.000000e+00 0.000000e+00 0.000000e+00
420.225000 9.028216e-01 -4.878873e-02 -8.718062e-04
420.228000 9.264765e-01 -1.046697e-02 -5.154760e-04
420.230000 9.222176e-01 5.069576e-05 2.201158e-03
420.233000 9.412254e-01 -1.453147e-02 -2.210467e-03
420.235000 9.538660e-01 1.978014e-02 -9.671594e-03
420.238000 9.242107e-01 2.648003e-02 2.458104e-03
420.240000 9.526371e-01 -3.169272e-03 9.863013e-03
420.243000 9.975058e-01 2.053123e-03 9.874724e-04
420.245000 9.769679e-01 2.130183e-03 -2.109904e-04
420.248000 9.406965e-01 -3.057474e-02 -2.130846e-03
420.250000 9.468434e-01 -1.575506e-02 -4.305353e-03
420.252000 9.770281e-01 4.837505e-03 -9.762383e-04
420.255000 9.248804e-01 -7.477936e-03 -6.863468e-04
420.257000 9.593780e-01 -7.975122e-03 -5.566406e-03
420.260000 9.467217e-01 3.881615e-02 -2.897999e-03
420.262000 9.086226e-01 -3.608369e-02 -8.345696e-03
420.265000 9.583594e-01 -2.071234e-02 1.995250e-03
420.267000 9.322016e-01 3.853310e-02 2.803110e-03
420.270000 9.629867e-01 -2.748937e-02 -4.258270e-03
420.272000 9.543639e-01 4.409217e-02 -2.536267e-03
420.275000 9.410638e-01 1.528829e-02 1.587894e-03
420.277000 9.795977e-01 1.041057e-03 3.573494e-03
420.280000 9.657397e-01 -2.425397e-02 -1.247884e-03
420.282000 9.865384e-01 -1.216168e-02 5.436104e-03
420.285000 9.333833e-01 -3.484567e-02 4.884619e-04
420.287000 9.357715e-01 -1.838769e-02 -2.154806e-03
420.290000 9.348135e-01 -3.272850e-03 -7.584401e-03
420.292000 9.634992e-01 -4.431604e-02 -1.783400e-03
420.295000 9.594469e-01 2.079179e-02 3.151010e-03
420.297000 9.413388e-01 -1.762454e-02 -3.573072e-03
420.300000 9.757636e-01 6.936668e-02 -1.105948e-03
420.302000 9.151213e-01 -3.047050e-03 -2.532602e-03
420.305000 9.611571e-01 -1.448449e-02 -1.157879e-03
420.307000 9.175701e-01 -7.866378e-03 2.569359e-03
420.310000 9.133716e-01 1.205004e-02 1.175160e-03
420.312000 9.422663e-01 2.137939e-02 3.392242e-03
420.315000 9.202167e-01 2.657979e-02 -6.191103e-03
420.317000 9.326079e-01 1.143869e-02 -8.858795e-03
420.320000 9.217486e-01 -4.075566e-03 1.917559e-04
420.322000 9.246943e-01 1.675953e-02 2.524271e-03
420.325000 9.303885e-01 3.052616e-02 -1.283047e-03
420.327000 9.405376e-01 6.852406e-03 -2.916763e-03
420.330000 9.342074e-01 -1.501208e-02 -4.936834e-03
420.332000 9.384891e-01 -5.922476e-03 -1.848670e-03
420.335000 9.615283e-01 3.482432e-04 -9.434125e-04
420.337000 9.473351e-01 -1.428303e-02 -2.361225e-03
420.339000 9.182131e-01 -3.905496e-02 -4.716912e-04
420.342000 9.056860e-01 -3.380431e-02 -2.512244e-03
420.344000 9.163600e-01 2.868428e-02 -4.309293e-03
420.347000 8.983255e-01 -1.328553e-02 1.919243e-03
420.349000 8.879912e-01 2.406146e-05 5.434494e-03
420.352000 8.506993e-01 -3.226033e-03 -1.289644e-03
420.354000 8.577772e-01 -4.776105e-02 -1.450186e-03
420.357000 8.416373e-01 8.015854e-04 -3.275737e-03
420.359000 8.714780e-01 -4.573972e-02 1.266342e-03
420.362000 8.147091e-01 -1.653010e-02 -3.750189e-03
420.364000 8.592970e-01 -1.749849e-02 -5.566833e-03
420.367000 8.042145e-01 -1.058001e-02 -7.373322e-03
420.369000 9.046239e-01 -2.542741e-02 6.354866e-03
420.372000 8.521422e-01 -5.056455e-02 -7.086253e-03
420.374000 9.322419e-01 7.718466e-03 2.592164e-03
420.377000 8.537401e-01 2.301929e-02 3.215177e-03
420.379000 8.923170e-01 -3.671882e-02 -1.051152e-03
420.382000 8.847817e-01 1.004707e-03 3.775756e-03
420.384000 8.933842e-01 3.648779e-03 -1.731719e-03
420.387000 8.900595e-01 -8.158304e-04 -2.357451e-03
420.389000 9.029687e-01 -4.142325e-02 3.263844e-03
420.392000 8.697689e-01 -2.698590e-03 -2.480243e-03
420.394000 8.906383e-01 1.482156e-02 -4.965592e-04
420.397000 9.012785e-01 -1.198141e-02 -4.334771e-03
420.399000 8.953124e-01 1.469244e-02 3.179544e-03
420.402000 8.860968e-01 -1.141830e-02 2.340343e-03
420.404000 9.041766e-01 -1.806350e-02 7.326125e-04
420.406000 9.066665e-01 -7.717289e-03 -1.696306e-03
420.409000 9.036037e-01 2.846597e-02 -1.023716e-03
420.411000 9.103509e-01 -1.064161e-03 1.165830e-04
420.414000 9.180521e-01 -3.184034e-02 -7.040992e-03
420.416000 9.363291e-01 -5.752326e-03 -8.355189e-03
420.419000 9.372761e-01 -2.575955e-02 -1.213817e-03
420.421000 9.218045e-01 -3.452191e-02 -1.973291e-03
420.424000 9.255073e-01 -3.230764e-02 -3.418023e-03
420.426000 9.154653e-01 -2.012185e-02 3.534760e-04
420.429000 9.437751e-01 7.222664e-03 2.441535e-03
420.431000 9.390860e-01 2.069231e-02 3.757429e-03
420.434000 9.121051e-01 -5.394993e-03 -2.411305e-03
420.436000 9.275501e-01 -1.816962e-03 -1.301089e-03
420.439000 9.158498e-01 -6.413580e-03 4.500420e-03
420.441000 9.106187e-01 -7.888652e-03 3.489352e-03
420.444000 8.957189e-01 -5.360481e-03 -3.044080e-04
420.446000 9.087083e-01 -5.291908e-04 -5.814845e-03
420.449000 9.242183e-01 -2.574784e-02 -7.312949e-03
420.451000 8.913247e-01 -1.047864e-02 -5.385933e-03
420.454000 8.612324e-01 -3.130828e-02 -6.365253e-03
420.456000 8.552195e-01 6.939062e-03 5.785437e-03
420.459000 8.126102e-01 -2.441188e-02 -1.574207e-03
420.461000 7.756752e-01 1.327759e-02 -5.490988e-03
420.464000 7.502039e-01 -5.797585e-03 4.858523e-03
420.466000 7.282114e-01 -3.081977e-02 -5.928159e-04
420.469000 6.767830e-01 2.048003e-02 -3.807842e-03
420.471000 6.520997e-01 -5.304814e-02 3.663273e-04
420.473000 6.424151e-01 9.485609e-03 -1.673957e-03
420.476000 5.802145e-01 8.547192e-03 6.586466e-03
420.478000 6.527221e-01 4.646320e-03 1.862291e-03
420.481000 6.243952e-01 -1.061888e-03 5.484949e-03
420.483000 6.429860e-01 1.798925e-03 1.552996e-04
420.486000 6.600720e-01 -5.644052e-02 3.740311e-03
420.488000 6.550195e-01 -7.742236e-03 2.798128e-03
420.491000 7.214566e-01 -2.576791e-02 8.864703e-04
420.493000 7.466431e-01 1.591330e-02 5.573206e-03
420.496000 7.608031e-01 1.994696e-02 4.316852e-03
420.498000 7.960054e-01 -2.311546e-02 2.266428e-03
420.501000 8.324742e-01 -4.476742e-02 -9.539625e-04
420.503000 8.538091e-01 -2.296203e-02 -4.766685e-03
420.506000 8.460720e-01 1.214682e-02 -4.972590e-03
420.508000 8.795920e-01 -2.587521e-03 -1.671585e-03
420.511000 8.913187e-01 -5.480610e-03 1.134901e-03
420.513000 8.402226e-01 -5.175577e-03 4.018121e-03
420.515000 8.750241e-01 -2.682708e-02 7.737921e-03
420.518000 9.219451e-01 2.581244e-02 -5.685149e-03
420.520000 9.156153e-01 -7.488162e-03 5.108513e-03
420.523000 8.925101e-01 -2.191595e-02 -1.773767e-03
420.526000 9.509086e-01 -7.639362e-03 -4.493325e-03
420.528000 9.176195e-01 7.191753e-03 -2.676087e-03
420.530000 9.299471e-01 -6.492751e-04 3.669870e-03
420.533000 9.803320e-01 -2.277413e-02 -7.687206e-03
420.535000 9.268997e-01 -4.186998e-02 -2.332502e-03
420.538000 9.638846e-01 5.019037e-03 -3.783961e-03
420.540000 9.559516e-01 -3.337074e-02 -3.700276e-03
420.543000 9.755284e-01 -5.141475e-03 -4.089978e-03
420.545000 9.607940e-01 -3.484217e-02 -2.029842e-03
420.548000 9.593119e-01 -2.634272e-02 -2.157336e-03
420.550000 9.448294e-01 -6.360918e-02 -1.148434e-02
420.553000 1.004225e+00 4.350148e-02 5.745640e-03
420.555000 9.626500e-01 6.546661e-03 2.849591e-03
420.558000 9.464151e-01 -3.235483e-02 -5.563282e-03
420.560000 9.253069e-01 1.361539e-02 -5.473384e-03
420.562000 9.435185e-01 -2.793131e-02 -4.531074e-03
420.565000 9.195701e-01 -3.187551e-02 -6.684392e-03
420.567000 9.204995e-01 2.120168e-02 -5.264909e-04
420.570000 9.430276e-01 -5.858850e-03 1.158985e-04
420.572000 8.997267e-01 2.282279e-03 -2.905752e-03
420.575000 8.952230e-01 -3.459248e-02 -9.344282e-03
420.577000 8.884797e-01 -4.810716e-02 -8.438595e-03
420.580000 8.881341e-01 1.029593e-03 6.299045e-03
420.582000 9.038159e-01 -1.755180e-02 4.775538e-03
420.585000 8.815230e-01 -6.451617e-03 1.037729e-03
420.587000 8.909948e-01 8.310036e-03 4.794765e-03
420.590000 8.836751e-01 -3.696579e-02 1.248213e-03
420.592000 8.817722e-01 -2.862842e-02 4.099526e-04
420.595000 8.650327e-01 -4.306070e-03 -1.079423e-03
420.597000 8.709329e-01 -3.475627e-02 3.436517e-03
420.600000 8.965888e-01 -1.106739e-02 -7.348870e-03
420.602000 8.707963e-01 -1.562753e-03 -5.803047e-03
420.605000 8.975574e-01 -3.045873e-02 -4.031164e-03
420.607000 8.972472e-01 -1.404195e-02 -2.686488e-03
420.610000 8.908514e-01 -3.819775e-02 -7.605962e-03
420.612000 9.400266e-01 -4.127529e-02 1.743915e-03
420.614000 9.241057e-01 1.839413e-02 -2.112823e-03
420.617000 9.481202e-01 -2.310082e-02 7.754478e-04
420.619000 9.758803e-01 1.394412e-02 1.557883e-04
420.622000 9.544541e-01 -1.649357e-02 -7.090946e-03
420.624000 9.638722e-01 -3.256398e-02 -3.211637e-03
420.627000 9.483897e-01 -6.043868e-03 2.644223e-03
420.629000 9.679879e-01 2.056865e-02 -1.296671e-03
420.632000 9.063185e-01 -7.527710e-02 -2.064604e-03
420.634000 9.578103e-01 1.719004e-02 -8.872243e-04
420.637000 8.718930e-01 -1.040522e-02 -9.728895e-04
420.639000 9.509769e-01 -9.483294e-03 -5.857082e-03
420.642000 9.008654e-01 -1.117271e-02 -1.389375e-03
420.644000 9.383418e-01 -2.634168e-02 -8.351809e-03
420.647000 9.460433e-01 -2.038010e-02 -9.581748e-04
420.649000 9.550627e-01 -1.640996e-02 -1.181697e-02
420.652000 9.274227e-01 -1.184752e-02 -4.577291e-03
420.654000 9.248928e-01 -1.052112e-02 -3.410200e-03
420.656000 9.321807e-01 -2.371642e-02 -6.609071e-03
420.659000 9.518950e-01 -1.567307e-02 -3.674987e-03
420.661000 9.658133e-01 1.437521e-02 1.537429e-03
420.664000 9.681923e-01 -3.189133e-03 3.808132e-03
420.666000 9.649278e-01 -1.248211e-02 1.058724e-03
420.669000 9.450042e-01 -6.416476e-03 -2.543163e-03
420.671000 9.420779e-01 -3.246492e-02 8.474223e-04
420.674000 9.492245e-01 1.736655e-03 -3.247870e-03
420.676000 9.648469e-01 1.392527e-02 -6.487285e-03
420.679000 9.297742e-01 -8.715833e-03 -1.320762e-03
420.681000 9.201948e-01 4.468801e-02 -3.122497e-03
420.683000 9.470346e-01 3.250430e-02 -5.578835e-04
420.686000 9.428478e-01 -2.706825e-02 4.555094e-03
420.688000 9.342319e-01 1.869761e-02 -2.356365e-03
420.691000 9.488026e-01 5.247323e-04 -3.279921e-03
420.693000 9.056350e-01 2.880690e-02 -4.638851e-03
420.696000 9.099749e-01 -4.029041e-02 -2.074397e-03
420.698000 9.540008e-01 -6.192668e-02 -2.972106e-03
420.701000 9.232515e-01 4.244397e-02 -8.048902e-03
420.703000 9.168997e-01 -9.406444e-03 2.500934e-04
420.706000 9.177199e-01 -6.097626e-03 4.981108e-03
420.708000 9.425639e-01 8.682398e-03 4.117057e-03
420.711000 8.878041e-01 -1.979015e-02 -5.821302e-04
420.713000 9.361476e-01 -2.537444e-02 7.802762e-04
420.716000 8.740524e-01 -2.518494e-02 -8.554551e-04
420.718000 9.201452e-01 -2.756461e-02 -4.046307e-03
420.721000 9.381150e-01 -1.036523e-02 -6.759636e-04
420.723000 9.331535e-01 1.319035e-02 -8.036581e-04
420.725000 9.355491e-01 -1.458854e-02 -1.765425e-03
420.728000 9.450826e-01 -4.421992e-02 1.572938e-03
420.730000 9.386488e-01 -2.796946e-02 9.727612e-04
420.733000 9.434015e-01 -2.136931e-02 -5.023630e-03
420.735000 9.586409e-01 8.850046e-03 -1.836897e-03
420.738000 9.560436e-01 -6.362754e-03 1.927589e-03
420.740000 9.634084e-01 -2.527362e-02 2.949200e-04
420.743000 9.619624e-01 4.474725e-03 -1.086586e-03
420.745000 9.834379e-01 1.758200e-02 -5.136141e-03
420.748000 9.597868e-01 -1.918673e-02 7.683873e-04
420.750000 9.619812e-01 1.412420e-02 1.749044e-03
420.752000 9.960176e-01 -2.757679e-02 1.402028e-03
420.755000 9.678743e-01 1.937577e-02 -2.670518e-03
420.757000 9.922474e-01 -5.632593e-02 -9.169749e-03
420.760000 9.792070e-01 -3.574740e-02 -4.882106e-03
420.762000 9.655974e-01 -4.480960e-02 -1.150127e-03
420.765000 1.001137e+00 4.080172e-03 6.444364e-03
420.767000 9.393836e-01 -3.586962e-02 -5.978381e-03
420.770000 9.611157e-01 -2.721522e-02 -5.914959e-03
420.772000 9.565287e-01 -1.430061e-02 -1.445637e-03
420.775000 9.707557e-01 -1.647898e-02 3.316707e-03
420.777000 9.786870e-01 -1.183624e-02 -1.770985e-03
420.780000 9.501550e-01 -2.253471e-02 1.829778e-03
420.782000 9.482483e-01 -1.987555e-02 -2.761874e-03
420.784000 9.864267e-01 -3.866865e-03 -6.778290e-03
420.787000 1.000000e+00 0.000000e+00 0.000000e+00
